23 16 25 20 17 22 17 24 15 1 18 29 1 11 5 13 9 26 5 9 9 0 19 25 19 26 28 15 4 23 4 5 25 15 1 9 29 24 10 27 14 24 0 14 6 29 15 9 10 11 28 24 19 25 4 9 12 13 15 9 0 24 26 29 20 0 8 15 2 23 17 5 27 18 27 24 12 3 25 27 18 10 9 12 14 3 8 8 13 18 28 23 29
2 7 29 21 18 8 15 20 0 23 15 8 13 16 2 28 1 17 9 28 20 12 14 5 13 20 3 10 18 29 3 25 18 27 5 25 15 13 2 6 17 21 14 4 13 16 29 1 26 16 10 28 14 0 0 21 0 6 25 5 8 1 21 28 0 20 3 6 9 14 5 4 20 13 5 28 19 13 20 9 26 14 19
15 5 4 23 3 13 29 3 27 29 5 7 23 26 7 14 14 0 18 20 13 9 3 20 28 5 23 13 0 1 25 0 16 4 22 23 24 15 29 18 19 27 17 26 2 3 10 14 15 11 12 0 25 20 7 18 4 12 3 27 22 18 7 19 22 18 9 11 24 26 3 11 22 3 20 18 7 26 20 11 5 3 19 14 4 26 19 29 4 8 0 26 15 23 0 11 15
23 11 16 5 25 1 24 2 20 7 0 17 19 26 28 15 17 8 10 5 25 15 20 22 23 0 4 25 8 28 19 13 23 28 0 20 8 8 24 25 8 8 29 4 20 14 15 20 25 22 23 15 9 0 8 10 7 29 22 25 7 0 24 28 0 4 6 19 13 21 15 19 28 4 8 19 23 15 23 0 23 4 23 13 8 19 23 4 13 23 13 5 0 20 28 5 15 20
29 3 3 20 1 27 15 23 15 25 4 9 3 20 15 5 16 9 0 1 25 9 9 15 9 15 9 0 9 14 9 0 5 22 29 3 10 6 10 10 21 16 17 10 13 13 14 6 17 13 2 7 10 22 23 13 18 7 3 12 18 12 12 8 12 23 13 13 2 28 22 29 7 14 17 29 5 4 20 13 2 13 17 5 19 20 4 27 13 19 14 4 12 19 29
11 12 12 13 15 20 11 24 4 9 16 19 21 4 6 24 0 21 15 19 11 0 6 15 26 19 6 10 13 23 10 23 9 19 26 3 21 28 8 19 6 23 18 25 13 21 24 0 9 9 15 6 0 9 19 28 5 26 20 13 5 10 9 15 11 21 18 14 1 29 3 4 14 16 29 9 18 26 16 9 2 24 1 11 3 9 17 19 6 4 9 0
17 21 27 14 17 25 11 24 17 21 26 12 16 18 19 29 17 10 1 3 5 24 29 6 26 14 14 0 11 27 14 16 12 15 5 9 29 4 10 19 25 19 25 19 25 23 29 7 8 10 23 14 0 14 15 8 0 10 20 10 5 15 20 4 20 24 15 25 29 24 18 19 14 3 9 4 24 19 29 19 21 14 17 18 29 3 14 2 29 6
25 27 15 14 15 23 18 22 1 25 11 24 28 23 4 13 17 18 23 29 8 3 5 10 19 25 20 16 14 1 25 29 17 10 5 1 28 4 13 2 9 17 24 27 23 12 8 16 18 23 10 6 25 3 20 18 5 7 8 26 22 11 9 26 3 24 25 9 10 18 25 0 22 10 5 7 3 20 25 3 10 21 22 25 6 7 18 25 29 16 10 1 14
21 18 27 0 22 26 7 11 5 3 20 19 11 18 24 3 5 18 20 9 26 19 6 3 21 25 24 3 10 8 9 25 23 0 8 15 10 20 0 23 15 25 5 24 1 9 0 24 16 9 29 24 26 19 24 0 18 10 0 25 20 23 11 1 21 25 6 8 29 21 18 14 7 29 3 14 23 10 18 25 22 10 3 29 6 22 16 7 1 6 8
16 27 1 12 13 13 8 3 23 2 5 14 24 29 4 24 18 9 4 24 3 9 9 3 24 18 4 23 10 8 16 21 22 26 9 10 6 25 7 10 21 13 15 28 4 4 13 0 28 5 8 9 19 9 4 23 19 13 19 8 17 23 4 8 2 14 19 25 23 24 29 23 29 18 14 3 11 16 18 29 3 14 6 19 24 14 18 29 3 21
8 14 2 26 16 26 22 4 25 12 20 22 19 26 19 21 12 29 20 4 5 0 4 10 1 3 5 28 14 24 13 9 9 25 20 19 5 6 7 15 21 29 15 6 0 14 14 23 0 21 8 14 6 14 14 16 21 13 6 28 14 15 22 1 7 16 29 1 26 24 29 9 11 28 24 14 7 9 13 20 22 1 22 26 16 14 1 11 16 29 5
25 1 25 1 3 20 3 19 12 21 13 29 22 13 0 2 5 15 28 15 20 16 5 29 0 13 15 4 25 2 10 17 14 19 10 5 9 12 29 18 27 19 5 14 20 4 25 16 17 26 8 2 21 23 2 11 6 1 3 20 19 25 29 20 0 10 1 25 15 10 16 5 14 15 27 28 0 11 15 12 13 0 10 8 10 23 25 29 3 25 18 26 14
10 5 22 0 16 23 26 2 5 2 6 9 4 25 5 24 28 15 14 21 19 29 19 14 9 4 9 25 0 14 2 14 14 4 25 11 16 10 10 14 1 25 26 29 20 22 17 21 2 25 11 13 1 6 26 27 16 11 12 29 16 14 21 28 6 1 24 29 21 9 14 16 5 1 29 16 14 20 14 14 1 19 9 16 24 4 14 24
2 10 16 19 26 5 12 5 10 13 0 14 18 21 10 8 12 23 16 20 11 5 25 9 26 24 11 13 5 18 20 15 19 25 15 5 10 29 15 14 0 0 16 17 10 20 25 5 23 17 20 3 20 2 8 1 1 25 6 10 6 16 2 21 17 14 16 29 5 18 20 14 1 19 29 3 14 15 4 6 9 0 22 15 24 2 21 0 6 17 21 7
16 4 21 28 2 23 15 6 16 9 15 25 6 8 10 10 29 17 26 16 23 29 23 19 20 24 4 20 15 14 19 14 0 10 14 14 0 4 20 24 25 24 0 7 15 20 22 0 9 11 0 4 8 15 13 15 26 0 28 19 24 29 1 10 1 14 1 1 8 14 16 29 1 23 13 29 16 14 1 25 28 29 1 28 23 13 29 16 12 1 27 14 8 16
23 27 9 29 5 4 27 18 7 24 11 2 14 7 10 20 22 18 24 4 9 9 15 20 21 16 23 1 19 29 19 10 4 14 0 1 1 27 29 2 12 14 16 3 11 16 6 18 29 16 17 6 1 2 21 9 15 28 0 14 15 28 2 4 28 16 13 19 28 17 6 28 21 25 4 4 6 0 21 19 21 19 24 4 6 19 9 15
22 25 24 0 5 11 2 3 24 25 12 23 17 11 0 29 4 9 10 26 0 24 19 26 4 20 0 18 4 8 19 11 20 6 15 21 0 11 5 29 0 1 4 4 5 16 20 0 2 5 1 20 6 15 19 11 5 23 9 16 3 20 3 8 24 13 22 28 8 9 3 7 3 6 0 12 3 27 15 18 21 17 24 0 9 2 3 24 15 9 18 14
7 11 21 7 0 13 13 6 28 1 7 16 28 5 22 3 28 14 1 26 18 20 4 5 3 20 19 25 13 21 9 15 27 6 10 21 25 12 0 24 10 28 5 5 13 6 15 21 14 5 0 4 14 0 4 5 29 21 2 6 17 3 6 25 0 24 13 29 0 3 5 8 0 9 26 27 15 23 0 11 12
28 16 11 14 21 14 4 24 17 20 16 25 7 7 1 5 25 21 0 21 4 7 15 20 24 4 23 9 4 20 24 19 21 10 29 3 25 16 5 18 29 7 14 20 24 29 22 26 22 9 16 7 7 1 1 12 16 27 24 15 9 26 3 11 24 0 9 25 23 10 10 8 3 4 23 18 19 25 26 5 11 3 8 18 22 23 26 20 11
22 4 28 4 21 1 26 9 15 3 24 3 23 15 19 22 24 16 24 16 20 22 10 18 23 3 8 15 10 4 9 10 0 6 7 1 2 3 5 15 22 26 20 11 4 7 0 25 24 19 5 28 20 19 6 17 18 6 6 3 6 2 4 26 4 10 19 11 15 20 25 5 0 4 25 19 10 17 25 28 4 10 19 7 14 22 13 7 29 22 15
21 0 19 23 14 18 21 27 0 5 13 29 9 12 14 20 10 29 5 10 10 13 21 25 13 6 18 10 3 8 9 29 2 28 1 13 3 20 18 23 24 28 29 15 28 0 5 15 13 0 10 20 15 27 15 26 24 13 9 11 12 0 25 20 10 7 25 5 10 0 3 14 18 10 3 10 10 29 21 10 0 3 11 18 26 12 18 27 15 22 12 3 27 18 6
10 29 24 18 26 4 14 6 4 7 15 29 8 19 5 18 14 2 3 4 26 23 18 13 9 1 27 16 8 11 23 24 10 28 29 19 26 5 0 1 4 24 19 25 20 23 4 8 9 16 17 23 28 20 26 5 9 11 0 2 19 12 21 27 17 4 25 1 27 16 10 12 15 6 9 26 21 11 28 9 13 18 21 28 6 6 9 13 21 24 3 9
19 9 19 5 25 17 21 23 11 23 10 28 5 29 20 13 0 28 20 21 7 13 7 24 29 9 9 4 5 19 25 0 19 21 15 6 28 4 4 23 0 8 15 4 8 13 8 28 23 0 23 15 14 22 29 19 14 7 10 20 8 2 23 17 5 25 5 23 17 8 2 20 15 20 28 5 0 10 10 20 15 13 0 16 24 1 5 16 9 1 25
22 16 11 29 2 4 13 15 4 20 14 18 20 23 10 24 3 22 14 1 10 10 2 4 14 20 25 4 9 19 10 0 29 1 6 29 16 14 16 5 24 29 0 13 15 27 28 14 18 12 17 13 3 20 18 28 3 5 17 18 25 23 10 14 16 29 2 8 14 1 29 15 25 29 3 14 8 10 23 25 29 18 10 14 0
20 7 7 1 18 5 19 20 16 3 5 15 11 1 6 14 23 28 24 13 15 4 28 14 8 29 6 17 14 23 29 2 13 20 21 18 24 0 3 20 21 0 28 16 3 8 18 9 9 14 15 25 16 10 0 25 1 26 9 29 9 0 20 29 6 1 21
6 13 2 2 14 17 13 2 11 11 27 21 11 3 6 28 4 4 10 1 25 21 10 0 16 10 26 28 15 10 0 13 15 25 5 18 22 28 7 8 13 23 29 16 12 13 23 25 8 27 28 23 29 0 13 15 10 19 11 4 14 22 19 26 4 7 10 0 28 15 7 25 8 10 22 9 9 4 5 8 10 4 24 25 11 14 15 11 0 10 29 15 26 4 29
18 27 1 1 17 8 27 0 14 14 4 5 14 16 13 5 1 24 28 0 9 16 24 15 13 20 25 21 15 19 9 18 10 11 4 24 0 9 11 24 26 15 11 15 24 0 18 23 15 8 3 23 10 8 25 9 10 18 20 19 5 2 10 3 12 18 25 3 27 17 20 23 16 8 4 23 1 8 8 14 7 29 6 8 8 14 22 19 14 16 29 1 5 0
20 8 1 5 17 20 16 5 5 6 0 25 19 6 4 21 10 21 15 10 3 9 11 29 6 25 13 29 5 29 6 13 6 0 11 0 19 9 14 9 9 27 29 20 12 3 27 18 5 12 12 8 29 23 27 8 9 9 0 0 19 11 28 19 13 24 25 3 9 28 24 18 10 9 1 4 14 16 13 1 26 29 4 11 8 8 25 24 17 6 2 21 8 24 10 29
7 17 27 9 12 6 27 24 0 0 10 21 27 6 25 21 12 15 9 4 6 19 21 10 6 26 4 21 19 25 0 6 15 11 24 16 4 20 19 8 14 4 23 29 24 11 8 13 4 24 4 8 25 5 24 18 19 6 3 19 5 21 12 6 27 23 15 1 1 25 20 15 3 14 15 17 29 18 14 0 2 29 20 26
2 2 27 23 9 19 29 5 16 24 29 2 11 17 26 5 25 28 15 11 28 23 3 9 29 23 24 25 20 18 27 3 12 21 18 24 18 4 8 3 23 4 4 8 25 24 4 6 19 21 9 10 18 6 23 4 10 10 6 10 21 18 19 7 3 26 5 11 22 26 20 21 0 6 19 21 11 14 9 28 24 26 29 9 13 1 3 24 15 9 16 18 6 24 4 29 19
18 12 13 22 18 7 12 16 11 1 5 29 15 26 19 5 16 5 1 6 18 20 17 5 16 3 20 1 2 3 25 15 24 15 19 25 23 4 6 6 19 8 4 29 7 14 6 6 29 16 22 18 19 10 11 6 6 3 4 4 6 15 21 4 7 18 7 3 20 18 9 26 22 11 22 3 5 18 24 4 6 1 14 14 16 28 1 18 13 0 13 8 14 23 12 28 8 29 23 3 27 5 16 26 8 11 5 3
2 27 18 27 21 24 18 5 28 19 21 4 27 13 13 19 6 0 0 6 9 16 17 21 15 6 14 16 29 2 14 1 29 0 24 4 12 9 1 24 27 0 0 19 8 0 21 15 4 12 19 23 4 20 3 5 29 6 9 26 28 15 24 14 6 0 25 15 21 11 16 25 13 4 24 3 9 19 11 6 26 24 11 21 18 26 3 24 10 10 0 21 18 6 1 3 19 8 14 22 29 23 14 21 7 13 0 20 25 1 6
27 16 17 21 12 6 27 0 5 8 2 11 15 26 16 17 19 11 0 21 19 6 26 1 21 9 9 11 4 11 9 18 24 11 11 19 9 3 9 4 14 20 3 19 5 0 0 20 18 5 15 26 29 9 18 4 5 8 29 20 6 8 26 9 11 5 7 23 29 22 26 28 7 14 22 13 24 26 28 15 25 5 22 16 29 3 14 1 7 29 18 12 13 1 22 18 7 25 22 10 16 3 25 7 18 27 28 3 9 19 21 10 10 26 28 8
27 3 21 3 27 18 14 3 12 17 18 11 2 29 17 26 27 13 6 15 24 10 24 14 6 9 1 19 26 16 25 1 11 11 6 26 27 9 12 8 8 27 24 12 21 16 5 19 23 28 16 29 24 28 21 12 20 25 21 10 5 22 8 25 6 10 6 7 27 14 14 24 16 29 20 13 5 26 20 28 2 5 26 20 10 5 11 11 20 25 19 23 0 0 8 4 23 0 22 0 8 15 7 26 17 18 14 24 3 26 9 1 24 18 9 16 29 24 11 9 4 8 9
21 23 27 14 21 0 28 17 24 3 3 9 15 14 6 29 2 24 14 21 29 3 3 6 9 29 7 0 13 15 22 2 2 3 6 0 21 2 6 15 27 18 12 20 15 16 3 9 1 1 3 24 17 9 16 18 24 2 18 24 4 25 0 11 15 26 17 11 0 2 10 6 8 11 3 5 4 20 19 5 23 0 10 15 5 1 4 26 18 29 3 11 18 26 23 10 5
